0010001101110001100101001110011110011011111110110011001010010000001101000000011010111110000011010000
0100010101101000100100010100111011111100000110111011111101111000100011100001101111101101110001100110
1000100101010110010100101101110110111011001000101000011101001011100000010111010000100110010010010001
1010010011101111010100101000011000100000011010011011111001110001100011111011100111101111101001101110
1001001100001110101111100101111000010111110110011100101100110000111101000001101100111110100000001101
1111000110111110101001010011110000011011111101101110001010100110010110111010001100011110010000100111
1001101111101001101100001110010110111111000110101000101110110111011100110110110000000101111001010100
1110111011110010100110001101001001110110110100100000010101110110011100110010011000000010100101010111
1100000010100010100111100111001000001110001110010110111000011011001101111100000111001000010100110100
0011000000010101100111000001010100011011111100100011010011000110011111011100100111010011011011110100
0010100001001001111000010110111111111001011001100111100001110110111000001001110100001110001110011100
0001010111000010011101100001101111011010100101011100010100010110110010000000101010110000011001110111
0010010111010010001000100010011001010010101010001011000011111010000100011010101000110101111001001101
1110011101101101010101010111110000000111111010100101001100111011011100010001010011011111000101011111
1011001001100111110000110110001111010101011000000100010000001110001111001110001110111011101110011101
0110110111111010001100001001011001000101100100100011000101000000111000110101111001011010110010110011
0001000010001111110001000011101000111111011110110000000010001111010011000011010011101110010101000000
1000111100001100010100010101001100100000110110111001100100100000111111100110101110111010011111000000
1001101110010110101010110111011000111101100000111100111100011001011101010101011010100100010010111110
1110000010110001010100001001001100001100110110011111111000010010100110010001001111011000000100011011
1011010100011110011001101011101011110101000001010101010010000011101100001011001111010101110001111010
0010100001101100111000000010000100001101110001101010000001010000010000110010000111110110011001110110
1100000011010001110111110111011101100010000001101001110011000011010100011100111111111001000011111111
1000101001000001001000100010000100000010100000101111110101110001110000111010011101001010000001001110
0001011011110101001011100001000111100010000001100111110110101000011100111100011111010010011000000111
0001010001111010001111001001011101011011011000100101001101011101100001011111111011100000100000001011
1010010010000111010010000101101001000100000010001100001110110010111000011001110001010001111110111001
0000110100011101001101000000110000001100010001111101101001110100010111010000011111010101001110001011
1101000101100101000010010111001100100100011010100010110101111010001101001111111111000100000101000111
1110111000001011010110101101101000011001000100000100000011010110111110110011111000001111111100100011
1110011011100000011100010011110111101000100011110101001001111000000011110101000011100001100010100000
1000100010000111001101110111010001110011111001111000100100010000101011010111010111000000000101100110
0110111111011010100001100000010111011010000010000100001010000100101101010001001011010010001000011001
1001110100011010001011010010100000110111000110101011101011101111100110000110001010000000111100110000
1110110010111010101001100110000111101111101110000011110011110001110000110101101010101111100100000110
1000011010111000011100111001100001000111111001100100110001010100111010011111000000100110000111101001
0000111110100111101100011010011111011010010001110110000011111100001001010000001110010001101000101110
0001001010111110000010000010101000100001110011111100111001100011000100110110111011011010100010001100
1010000000010110111000000101010101000000100111001110000000010011111100011010010011100111001111011110
0100101000110010010110001100011010110000110100100001111001011011000100011001000111110111010101001111
1001111001101010011101101101011110011111100100111100100110011011001110011101101011101000100001110001
1111101101000010111001001110110111110110011010010101101000010100110111010100110011001110100101111110
0000001011101110000111110000111111011001111011101001111111000110000010111001000010100101111011010011
0010101111111101000100100111011101110101001001001111110001010001001101110010010100001001011110101101
0110100101110011111111101000110000111010010110010101011110011111000001111011011000000100111100100111
0000110011010110010111000111111100011111100110001110111011111010001011100000100000111011101101010101
0011100001100110110110101100100000011101110111011000001001101111111000111001100101110010011000111001
1100100111101011101110010000001000111110000010001101011001100010101100010011011101111000001110101111
1111111001000110011000101101010100110111001000101110111000100000111111011101000000010001011101100010
1110000101100100001111010010110100010001111000111111100010110101100101011100110011101001000101011011
0100110000000010110110101100000101000011001000111011011110100011101100111110101010101110100110100111
0110000101110000001011010010011010001001111011110001001101001001100111100001010011111111110100111111
1101101110010010101010001010100101010001001111001111010111111011011011000011011011001000000011111100
1011010101110000100110111011011011011011111010010001111111100110111000100010111101011011111000110000
1100100110101000011010001111101000001011001100111011110000010110100010100010011000011110001101101101
0101101011001011000011101111011111110000100110100111101001100010011111011110011111110111111100000110
0001011110000001101000001001010100101011100111011101011110100110110111101011011111011001110101111101
0010100100101111100000101010111011101000011101001100111010110010011011110000110000000001101001101111
1110001101110111110110001000011100101011000111000011110001110110101010110000110010011011010101000110
0101111111011011010000001010011011101100011101100010011000110000100010011101000100111010001010110111
0000111010111000111000111101111100111101001110111110111011111100001010100111010110001001100011111011
1001011000101110100000011100011001001111101011110101110101011001011001001000101010011100111110001000
1111101110101010110100001010001011001100001100000111011101000001001101000010110000001110001011001110
1000011010100001010110100111010010010001010010001100110011110100001010011100100101100000010111111000
1101000000110010001111001001011110011011001010100011000001011111001001010110010110001001011101010011
0110111100000101100101110010100000110110100001111101110001010101010011011111010010100100000110001110
1110001100010111100001111010001110000111101110010010010100010110000101100000011111001101111011011001
0001010100010010101000111001101000110100011000010000010010111011001010100000011100111011101001101010
0011111000110110110000010011111010010100001010001110011100100011011011110011110110010001111001011011
1111001011001101110111110011110111000001011001101101000100001010111010010011011101111010100001111010
1100001010101101011001000101111000100001100001011000011110111001011011101110110011100110101100111011
1100001010110001101110001010000000110001011010100001001110011110111111101000000010101001001011011101
0111100100100000010011110101001110010010111000110011100000101100001111000111110111010000101111111110
1101110111001000110101010111101111111110110011101101100100110100011100001100010111101001010000110010
0101010000000100101010011010010000011011110101011110010101010100101011000110100001110001111111100110
1111100010110011100111010111001111001110111001010000001111110010011111111001010010110110110001010001
1010000111000101110100000010011001111100001011110101011010110001010111101010110001100000100101010001
0011110010001011010000011111110110011011100011000110000011000000111010100011001001000011101101010110
1010111100000110111100100010010000100011010011001110101000000001011110011001000010001111001101010010
0000001100111101100110000010101100110011000100101011010110111010101100100011000101001010011111111111
0101110000001010111011001010010011011101101010110010100010101101101111111000110011010010101100100100
1111001101010001101100110101110100011001100101100010111100000010011000111010010001001010001110111100
1011001111011101011110010110000101011001011011011100010100111110001111011011100100010000010101110011
0010000100000001101110111000111010111001110000111010100011111100110001111110000110100010001101101101
0101101010100100000111001110100100100100011101001100110010100110011001010110001010101000010000100010
0111110101100011010001000101011000000010001000011000110011111100111110010001101010000111010101010100
1011010001111010110111001011001111010101110000000010101101001001011110011010001110100001001001001011
0110011000011001100101100101001111101010110000011100101110001011111111111011111000011101101101001011
1110100111101011111011110100000001110010100101011011000110010101001100011011000000000101110010100001
0000001010111001000110101110011111110100000101100011110101011011001111101101011100011101011101111110
1111010011000101011011110101100000111000110100010010100110110101111110000110110111100001110000001001
0000001100101001010100010001111100101010111010100011111100000001001010111111110100110011101100101001
1111011010101111100010100000101111001010110011011111000101011001011011011111111000111111001111010010
1001110010111111110011111001010100111111011010110100101111011011011110000011100001111110110000100100
0100111101000111000111111100001000001011001010000001001011000110011101000101010100110111010000001011
1001010011110111010100000101101101001011111100011101010010111001010010110110001000100111111001000010
1000101001110001110110011101000011011100101101100101001101010111000010000101000111001111111111011001
0101001100111011001000101111000010101000110001111001111111110101110100011001011011010110000100101001
0101010100001001101101000000011001010101001100111010000110101000000000111011010000000100111111001111
0000110001001001110011111000001100100011101001010100010011010101100000111111010111111101111101111100